
0.0 0.99045245594 0.0186405336817
0.125 0.977134292903 0.0243598757924
0.25 0.978678865814 0.0309756430616
0.375 0.947925156897 0.0947442720993
0.5 0.9841033406 0.0025813001646
0.625 0.966103542991 0.0202978512292
0.75 0.931406446684 0.109712065908
0.875 0.951469573435 0.0223330219202
1.0 0.928456013552 0.0310122738331
1.125 0.918589318802 0.0144506555515
1.25 0.903919163284 0.0196960921933
1.375 0.88352687391 0.0152385611328
1.5 0.87964440347 0.0233616761988
1.625 0.815313785275 0.0672252435901
1.75 0.800838077914 0.0537513449174
1.875 0.749757727054 0.0646064265369
2.0 0.767780460417 0.0697059268605
2.125 0.733870557899 0.0634965399131
2.25 0.708852340224 0.0766125649796
2.375 0.640908528536 0.0856696901576
2.5 0.614752356478 0.0856011013124
2.625 0.643771705837 0.0637099314687
2.75 0.568373537497 0.145895076902
2.875 0.485783950163 0.119091629031
3.0 0.466035762968 0.138985906822
3.0 0.478048230821 0.134921352526
3.061224489795918 0.444036858135 0.135445420814
3.122448979591837 0.448711806877 0.134313275684
3.183673469387755 0.404658935665 0.0909349049032
3.2448979591836733 0.415274723042 0.129130254283
3.306122448979592 0.365080359565 0.115752891295
3.36734693877551 0.338683150519 0.128842116152
3.4285714285714284 0.371966434425 0.101200715434
3.489795918367347 0.355262435901 0.0718368794621
3.5510204081632653 0.256337983413 0.10631383442
3.612244897959184 0.286618708647 0.114909191331
3.673469387755102 0.281169267668 0.0639213135267
3.7346938775510203 0.283491996736 0.0774552526315
3.795918367346939 0.266725297047 0.0797411900704
3.857142857142857 0.18834465336 0.109370381995
3.9183673469387754 0.206349668969 0.0944228502688
3.979591836734694 0.215013925323 0.063109861579
4.040816326530612 0.171232209927 0.103909370018
4.1020408163265305 0.149326255452 0.0742863273437
4.163265306122449 0.173965005912 0.080933507932
4.224489795918368 0.141257167207 0.065811305381
4.285714285714286 0.117414975507 0.0491012350658
4.346938775510204 0.0828781087553 0.0462887057883
4.408163265306122 0.117457450612 0.0456120506538
4.469387755102041 0.119003743318 0.0541069868537
4.530612244897959 0.116628886207 0.0566136276258
4.591836734693878 0.10276883854 0.0269470370268
4.653061224489796 0.0620077437202 0.0264346727335
4.714285714285714 0.105517307004 0.0369804434981
4.775510204081632 0.0529417952588 0.0324711069204
4.836734693877551 0.074935246762 0.0345610054754
4.8979591836734695 0.0781780758592 0.0265362296331
4.959183673469388 0.0736701823634 0.0422932222137
5.020408163265306 0.0679766311957 0.0461022080925
5.081632653061225 0.0632769672189 0.0284435731722
5.142857142857142 0.0552459349588 0.0252623924649
5.204081632653061 0.0714476950395 0.0301485358583
5.26530612244898 0.0637626444114 0.0238438880214
5.326530612244898 0.0679674867004 0.0297876012098
5.387755102040816 0.0795525289227 0.0401291315772
5.448979591836735 0.0411131949237 0.0197622027913
5.5102040816326525 0.0526496979454 0.0303489686567
5.571428571428571 0.0605237808276 0.0310431614108
5.63265306122449 0.0538274752272 0.0192958705504
5.6938775510204085 0.0530904501767 0.0291791254369
5.755102040816326 0.0631633668618 0.020877785487
5.816326530612245 0.0360061140995 0.0192107140517
5.877551020408163 0.0544867658927 0.0373196199337
5.938775510204081 0.056838998992 0.028850474928
6.0 0.0457356735865 0.0263557786063