
0.0 1.0 2.10734242554e-08
0.125 0.999311339156 3.0549337525e-05
0.25 0.997270972675 0.000124574157199
0.375 0.994056812057 0.000374973464998
0.5 0.989328469972 0.000789713586367
0.625 0.983403711459 0.00090783235348
0.75 0.976056633676 0.00149099959547
0.875 0.967956713889 0.00205442358043
1.0 0.957491091058 0.00164915132357
1.125 0.946830689688 0.00311969862296
1.25 0.935020842962 0.00465134345842
1.375 0.920798503739 0.00352188400088
1.5 0.907478068536 0.00700454732347
1.625 0.893082839324 0.00652497804433
1.75 0.874940444909 0.00532245589596
1.875 0.852873114751 0.0090359407544
2.0 0.839660481372 0.00881390418309
2.125 0.811832857056 0.0128114279314
2.25 0.79441495964 0.0110257173585
2.375 0.769340281549 0.0124219980724
2.5 0.752128695075 0.0187854650673
2.625 0.730280388561 0.013627289972
2.75 0.698562409768 0.0256221213885
2.875 0.685633779208 0.0129428319247
3.0 0.650892297953 0.023064780976
3.0 0.6567528418 0.0186889951976
3.061224489795918 0.62668074189 0.0215766198529
3.122448979591837 0.633001677769 0.0105343334871
3.183673469387755 0.607231702804 0.0187714124786
3.2448979591836733 0.594170513777 0.0290022091384
3.306122448979592 0.599400214085 0.0186170495597
3.36734693877551 0.576087120948 0.0327135607145
3.4285714285714284 0.565911163146 0.0089801785365
3.489795918367347 0.542890735521 0.021280397412
3.5510204081632653 0.53438206667 0.0127837405436
3.612244897959184 0.534586722322 0.0183477843
3.673469387755102 0.515285903653 0.0433975535161
3.7346938775510203 0.496622658565 0.0192248011312
3.795918367346939 0.481863866129 0.0294648251908
3.857142857142857 0.451985321444 0.0208723691231
3.9183673469387754 0.448512531017 0.0286708260435
3.979591836734694 0.45042690089 0.0244042032513
4.040816326530612 0.428362912961 0.0262942447419
4.1020408163265305 0.419460179811 0.0272131538544
4.163265306122449 0.375825189429 0.0342630867938
4.224489795918368 0.39085257549 0.0364392348622
4.285714285714286 0.374525854769 0.0261403209485
4.346938775510204 0.372092463921 0.0364605436409
4.408163265306122 0.343036651417 0.0309607922711
4.469387755102041 0.335728903247 0.0251825120143
4.530612244897959 0.301794156597 0.0471443112817
4.591836734693878 0.303057372343 0.0415376396905
4.653061224489796 0.28681124079 0.0353075850486
4.714285714285714 0.262533303519 0.0507311598202
4.775510204081632 0.256001577066 0.0357442708834
4.836734693877551 0.207016080529 0.0411380174657
4.8979591836734695 0.1921621258 0.0554895725844
4.959183673469388 0.222765530813 0.0363092926706
5.020408163265306 0.158537168021 0.0472435365025
5.081632653061225 0.162193674677 0.0451545082497
5.142857142857142 0.153092815774 0.0386944745377
5.204081632653061 0.139847273923 0.0437166884558
5.26530612244898 0.118443640734 0.047487840904
5.326530612244898 0.114447963549 0.0418559977998
5.387755102040816 0.088512985427 0.0312649092042
5.448979591836735 0.114034248379 0.05993173389
5.5102040816326525 0.100539100967 0.0362600050026
5.571428571428571 0.0592130089394 0.0380205409186
5.63265306122449 0.0633314238832 0.0366240530417
5.6938775510204085 0.0621633207705 0.0302792668882
5.755102040816326 0.0635627824735 0.0346734159433
5.816326530612245 0.0584283947874 0.0211422011074
5.877551020408163 0.0629902894009 0.022569405908
5.938775510204081 0.0495845625097 0.0215883729843
6.0 0.0551385974515 0.0201673461424