
0.0 0.559490537956 0.200964289283
0.125 0.443898446173 0.138644021557
0.25 0.47669084506 0.235267138966
0.375 0.514670036603 0.210095200011
0.5 0.359493726056 0.263234930651
0.625 0.404265485792 0.222251272687
0.75 0.380054316094 0.216974481074
0.875 0.428077718658 0.128198030817
1.0 0.332941567451 0.169394302007
1.125 0.415298087917 0.195964268333
1.25 0.325263858905 0.133959200598
1.375 0.198342744648 0.141370337025
1.5 0.255005492368 0.144449313164
1.625 0.240501076862 0.170306641886
1.75 0.232802191655 0.131304079452
1.875 0.285965428377 0.134446370787
2.0 0.215683692076 0.134020775652
2.125 0.225486228331 0.0897080287418
2.25 0.172299334408 0.111454420817
2.375 0.223991092212 0.0921611499572
2.5 0.13615324584 0.0445605604725
2.625 0.169510923266 0.0611017671782
2.75 0.119125469668 0.047516807801
2.875 0.103244747752 0.0574109413818
3.0 0.133365459889 0.0366905133909
3.0 0.0947887126675 0.055941666859
3.061224489795918 0.108200514811 0.0443899917353
3.122448979591837 0.108175789302 0.0838106276459
3.183673469387755 0.108998620912 0.0454382117247
3.2448979591836733 0.0841660304368 0.0564712413847
3.306122448979592 0.0750760579042 0.0301914938033
3.36734693877551 0.0743854928076 0.0338731609349
3.4285714285714284 0.0777542200469 0.0581752922838
3.489795918367347 0.0867711442777 0.025804073037
3.5510204081632653 0.0696185121303 0.0209761193345
3.612244897959184 0.105044827864 0.0590049619935
3.673469387755102 0.0473466927475 0.0198519555692
3.7346938775510203 0.072793142223 0.0373613290333
3.795918367346939 0.0779513896589 0.0343391081655
3.857142857142857 0.0908797190756 0.0388782026128
3.9183673469387754 0.0799007195778 0.0454577158862
3.979591836734694 0.061213964634 0.0342284636557
4.040816326530612 0.0613998937965 0.0201722340492
4.1020408163265305 0.0546216277004 0.0245054113949
4.163265306122449 0.0674017737665 0.0463362229764
4.224489795918368 0.0637625275425 0.0164516672672
4.285714285714286 0.0698156926652 0.0388089189029
4.346938775510204 0.0868450646182 0.0361206472135
4.408163265306122 0.0649014273919 0.0304576133673
4.469387755102041 0.0428535292002 0.0268523022977
4.530612244897959 0.0704855192179 0.0291138374064
4.591836734693878 0.0762042486662 0.030609809946
4.653061224489796 0.0597144912321 0.0367842909461
4.714285714285714 0.047679559613 0.0195687802565
4.775510204081632 0.0555084131948 0.0193585925021
4.836734693877551 0.0642018067105 0.0378202458465
4.8979591836734695 0.0578448098647 0.0189481832382
4.959183673469388 0.0502820269532 0.0288867646829
5.020408163265306 0.055682777926 0.0163910722324
5.081632653061225 0.049521665461 0.0189553029327
5.142857142857142 0.0600389194871 0.0350904427751
5.204081632653061 0.0471895903655 0.0224459429002
5.26530612244898 0.0575486782234 0.024978047854
5.326530612244898 0.0459360439242 0.0199234009825
5.387755102040816 0.0442466964053 0.0314260961537
5.448979591836735 0.0431768525728 0.0240429260978
5.5102040816326525 0.0457112651203 0.0379791035415
5.571428571428571 0.0541630019594 0.03551044328
5.63265306122449 0.0521864472232 0.0255424261473
5.6938775510204085 0.0582545792181 0.0161472426926
5.755102040816326 0.0521241835066 0.0215889931663
5.816326530612245 0.0460734685983 0.0205566150114
5.877551020408163 0.0434997506328 0.0260682368292
5.938775510204081 0.0595692798749 0.0203445849982
6.0 0.0559322221622 0.0346159917807