
0.0 0.999497774121 0.00137285712389
0.125 0.999265321457 7.16942089724e-05
0.25 0.997012281423 0.000434013513196
0.375 0.99323152535 0.000503777053934
0.5 0.987365275009 0.00142254873917
0.625 0.981675149964 0.00133490179322
0.75 0.971207177062 0.00517365670367
0.875 0.960835175436 0.00820559596974
1.0 0.951798070281 0.00552905355943
1.125 0.939973020538 0.00555108290057
1.25 0.922459250817 0.00671299304885
1.375 0.908871005487 0.00984483723896
1.5 0.896206958888 0.008698769756
1.625 0.879556683328 0.0101292555073
1.75 0.862494954627 0.0113773444624
1.875 0.840655045648 0.0152995591437
2.0 0.825438394763 0.0123357901194
2.125 0.793727975562 0.0170917394661
2.25 0.773869200938 0.0168326090272
2.375 0.726500402767 0.0370491001531
2.5 0.721606443031 0.027910663716
2.625 0.676200578559 0.0400716744415
2.75 0.657597691344 0.0137286842168
2.875 0.640095768724 0.0188607135468
3.0 0.599391138624 0.0476268448957
3.0 0.623790701034 0.0258511295302
3.061224489795918 0.613328015057 0.041913905638
3.122448979591837 0.567397262383 0.0310720472255
3.183673469387755 0.549786983211 0.0507742937688
3.2448979591836733 0.566791832305 0.0343051374028
3.306122448979592 0.534794943659 0.0214655084529
3.36734693877551 0.538381408671 0.0256197846455
3.4285714285714284 0.511491584961 0.0763026793752
3.489795918367347 0.454983827929 0.0726682331665
3.5510204081632653 0.446163279679 0.0617234066015
3.612244897959184 0.471435949264 0.0412340416499
3.673469387755102 0.406955901689 0.0637883492795
3.7346938775510203 0.398223237916 0.0658076362824
3.795918367346939 0.390662897814 0.0705223148769
3.857142857142857 0.404561460761 0.0417417801072
3.9183673469387754 0.38117477292 0.0326521190849
3.979591836734694 0.347852421166 0.0461106895279
4.040816326530612 0.321717115744 0.103676269624
4.1020408163265305 0.334370648417 0.0443769927543
4.163265306122449 0.279866670125 0.0755758650386
4.224489795918368 0.230781889274 0.0521686034064
4.285714285714286 0.248048170996 0.0833886508038
4.346938775510204 0.21252298309 0.0808115792813
4.408163265306122 0.215755661535 0.0830801200238
4.469387755102041 0.20884923642 0.0880751811066
4.530612244897959 0.17786161761 0.0574312990729
4.591836734693878 0.141990091656 0.0649646088148
4.653061224489796 0.0902387486458 0.0728190976528
4.714285714285714 0.131062143048 0.0561669963701
4.775510204081632 0.116647990109 0.036029682234
4.836734693877551 0.121049785438 0.0430723958679
4.8979591836734695 0.0787594215986 0.0289980378452
4.959183673469388 0.109073242933 0.0541013442885
5.020408163265306 0.076465613729 0.0457706873998
5.081632653061225 0.0885436060933 0.0388648058504
5.142857142857142 0.0569059827474 0.0328824021516
5.204081632653061 0.0801828338973 0.0299212562495
5.26530612244898 0.0663355266135 0.0263580985941
5.326530612244898 0.066720516228 0.022289693982
5.387755102040816 0.0621236555939 0.0354032102468
5.448979591836735 0.0456443554089 0.0144024426263
5.5102040816326525 0.0453741200491 0.0244386358985
5.571428571428571 0.0544784988952 0.021169754911
5.63265306122449 0.0705432894099 0.0313464229331
5.6938775510204085 0.0665475902479 0.0207160191153
5.755102040816326 0.0618679016197 0.0356567356958
5.816326530612245 0.0422796230132 0.0157775910989
5.877551020408163 0.0355595763587 0.012908127332
5.938775510204081 0.0489203699025 0.0150430975333
6.0 0.0417230305886 0.0209555910681