
5.00000000e+02  9.89656099e-01	 3.72207364e-04 
1.25000000e+02  9.77473843e-01 3.52749351e-03 
5.55555556e+01  9.51606507e-01 8.79763943e-03 
3.12500000e+01  8.87837374e-01 4.31772511e-02 
2.00000000e+01  7.62915413e-01 1.58436829e-01
1.38888889e+01  6.87170481e-01 2.11472170e-01 
1.02040816e+01  5.50996431e-01 1.57210655e-01 
7.81250000e+00  4.90505846e-01 1.59144127e-01
6.17283951e+00  4.04470201e-01 1.75660983e-01 
5.00000000e+00  3.44843573e-01 1.52122160e-01 
4.13223140e+00  2.42386860e-01 1.65197037e-01 
3.47222222e+00  2.13455495e-01 1.23114984e-01
2.95857988e+00  2.00161215e-01 8.73322735e-02
2.55102041e+00  1.70413677e-01 1.05006520e-01 
2.22222222e+00  1.98150781e-01 1.23090427e-01
1.95312500e+00  1.48096359e-01 7.82104704e-02
1.73010381e+00  1.77691735e-01 3.50173875e-02
1.54320988e+00  1.15182060e-01 6.41248334e-02
1.38504155e+00  1.56607884e-01 6.19513486e-02
1.25000000e+00  1.49089295e-01 6.72129591e-02
1.13378685e+00  9.60107783e-02 5.59592958e-02
1.03305785e+00  1.09734398e-01 5.03553806e-02
9.45179584e-01  1.13678883e-01 6.52426046e-02
8.00000000e-01  6.67066329e-02 3.19818774e-02 



 
 
 
 
   
 
 
  
 
 
 
  
  
 
  
  
  
  
  
  
  
  
  
   