
0.0 0.865603281426 0.203026668796
0.125 0.776294251545 0.156852089484
0.25 0.819598093576 0.140749111475
0.375 0.590481319054 0.255364246248
0.5 0.867918707481 0.0713849197513
0.625 0.714900378936 0.234926062992
0.75 0.813296754087 0.166846837621
0.875 0.8446981565 0.0638300511727
1.0 0.586382293793 0.251071386264
1.125 0.719298074839 0.174899857826
1.25 0.630946155933 0.176995477526
1.375 0.649020674569 0.204903121285
1.5 0.65683904695 0.169427076975
1.625 0.611222105839 0.150385399874
1.75 0.492211063465 0.199284381048
1.875 0.520656495191 0.136677220599
2.0 0.572126003444 0.166904652022
2.125 0.40833104517 0.208571445418
2.25 0.390355578451 0.113640152451
2.375 0.438538168115 0.0996040474464
2.5 0.346810876179 0.137815134551
2.625 0.451479084854 0.07241436282
2.75 0.24840728124 0.167279547663
2.875 0.247441219599 0.153863773672
3.0 0.250565324242 0.0850524889185
3.0 0.279761755281 0.0860617810038
3.061224489795918 0.259447396517 0.0731363223313
3.122448979591837 0.202713810873 0.111251138491
3.183673469387755 0.197699363408 0.0854233548317
3.2448979591836733 0.190895391951 0.0909091853721
3.306122448979592 0.215364075477 0.0941218744597
3.36734693877551 0.210010717045 0.0939173302942
3.4285714285714284 0.207860748835 0.0901446312589
3.489795918367347 0.153426989903 0.0791170449969
3.5510204081632653 0.12810878208 0.0778244468304
3.612244897959184 0.120427810262 0.0678805276897
3.673469387755102 0.107053685225 0.0704325857853
3.7346938775510203 0.112926872656 0.0646560780408
3.795918367346939 0.102874498153 0.0749482735679
3.857142857142857 0.135219216692 0.0700774482842
3.9183673469387754 0.0984894559938 0.0495709152449
3.979591836734694 0.0770702214518 0.0516401260497
4.040816326530612 0.106289830693 0.0518753255573
4.1020408163265305 0.0895780952167 0.0254309818482
4.163265306122449 0.0647023943089 0.0464426648553
4.224489795918368 0.0724289790296 0.0283702703238
4.285714285714286 0.0838508258274 0.0366596162865
4.346938775510204 0.0950202728722 0.0408551025154
4.408163265306122 0.0859467798847 0.0412517446197
4.469387755102041 0.0902042822998 0.0354702518698
4.530612244897959 0.0624253271349 0.0333565974085
4.591836734693878 0.0732051768929 0.0390088580659
4.653061224489796 0.0510220928977 0.0208604233933
4.714285714285714 0.0623418734166 0.0276741425822
4.775510204081632 0.0719275260627 0.0271525948573
4.836734693877551 0.05856780129 0.0276966392581
4.8979591836734695 0.0680791894564 0.0261632107929
4.959183673469388 0.0665244615723 0.0228664645755
5.020408163265306 0.048749784799 0.0385159214984
5.081632653061225 0.0635420080989 0.0226805382697
5.142857142857142 0.0592577531892 0.0354297705419
5.204081632653061 0.0626502484402 0.0354822791284
5.26530612244898 0.0751866047365 0.0265688135826
5.326530612244898 0.0525785554695 0.0197144012816
5.387755102040816 0.0528793107588 0.0198636340624
5.448979591836735 0.058202337204 0.0171981709244
5.5102040816326525 0.0681085166904 0.0207886183443
5.571428571428571 0.0595137943088 0.025985777547
5.63265306122449 0.0436839771685 0.0198104470642
5.6938775510204085 0.0620862481495 0.0314496404268
5.755102040816326 0.0460390606572 0.0210807490266
5.816326530612245 0.0444481110733 0.0204867388034
5.877551020408163 0.0596704152232 0.0281807534397
5.938775510204081 0.0482716487108 0.0252203092574
6.0 0.0492890785966 0.0304558634326