
0.0 0.503042934727 0.235227120692
0.125 0.486326987417 0.256504320049
0.25 0.692946873895 0.205213154484
0.375 0.565611396719 0.267590300161
0.5 0.716617931183 0.161454410106
0.625 0.677248297387 0.21125722061
0.75 0.546236580069 0.257703872445
0.875 0.584197338759 0.141998527373
1.0 0.472259297494 0.217160419278
1.125 0.484164844667 0.212350071867
1.25 0.41641142479 0.158129123323
1.375 0.452222998876 0.202729853965
1.5 0.430626558359 0.190925917782
1.625 0.329518145192 0.150639816286
1.75 0.309937750197 0.148312727702
1.875 0.42949901677 0.15328110068
2.0 0.329284182459 0.184866713846
2.125 0.36738673467 0.127610643008
2.25 0.164738472533 0.091153538076
2.375 0.178067254984 0.100286686071
2.5 0.204889575487 0.132660004924
2.625 0.18511623563 0.0768554810839
2.75 0.175398168705 0.100900841334
2.875 0.189656819795 0.0622660317689
3.0 0.160094086082 0.0579386319118
3.0 0.141309260244 0.0398132674275
3.061224489795918 0.147409128838 0.0610077352556
3.122448979591837 0.125842048547 0.0363861946313
3.183673469387755 0.140944685802 0.0870344397098
3.2448979591836733 0.132918735165 0.0605418754519
3.306122448979592 0.130116371304 0.0587814863626
3.36734693877551 0.115811411586 0.0582076579368
3.4285714285714284 0.0907972684909 0.0397577146961
3.489795918367347 0.0885880712423 0.0298929509189
3.5510204081632653 0.102097069616 0.0371719809856
3.612244897959184 0.0867835340951 0.0427009408251
3.673469387755102 0.0910213755503 0.0500627152599
3.7346938775510203 0.0886400497255 0.0392283502173
3.795918367346939 0.110581390705 0.0370135704503
3.857142857142857 0.071984114597 0.0388708150847
3.9183673469387754 0.0830900997006 0.0327870168046
3.979591836734694 0.0701452108396 0.0289516126319
4.040816326530612 0.0749675216701 0.0365783820578
4.1020408163265305 0.065446910521 0.0424255387777
4.163265306122449 0.0746627320052 0.0400093107631
4.224489795918368 0.0795355873424 0.0362759919552
4.285714285714286 0.0494381352421 0.0206709134107
4.346938775510204 0.0740698120258 0.0287529416593
4.408163265306122 0.0575648994253 0.0328861975286
4.469387755102041 0.0513394342613 0.0269284612274
4.530612244897959 0.0761173903084 0.0326038183259
4.591836734693878 0.0473548881627 0.025577733732
4.653061224489796 0.0637522860022 0.0334992616093
4.714285714285714 0.0717639103729 0.042590195023
4.775510204081632 0.0525220887973 0.0247556830604
4.836734693877551 0.0489869881744 0.0241220330334
4.8979591836734695 0.0539118794222 0.0193886733854
4.959183673469388 0.0616895752081 0.0310351200256
5.020408163265306 0.0405434293635 0.021076216052
5.081632653061225 0.0507395265317 0.027881920586
5.142857142857142 0.0604985834465 0.0241884054007
5.204081632653061 0.0336952262234 0.0178294306331
5.26530612244898 0.0482400503027 0.0300312672509
5.326530612244898 0.0472113482584 0.0305826839489
5.387755102040816 0.0524176003829 0.031532043082
5.448979591836735 0.0353608057434 0.0286867274656
5.5102040816326525 0.0604534161355 0.037628334366
5.571428571428571 0.0640612127728 0.0340612323731
5.63265306122449 0.0550198657181 0.0301150788602
5.6938775510204085 0.0384645541659 0.0209244262799
5.755102040816326 0.0485247995684 0.0237824603764
5.816326530612245 0.0488952663008 0.0269545981749
5.877551020408163 0.0441088997196 0.0274046796108
5.938775510204081 0.0353222772699 0.0169197768423
6.0 0.0427123680711 0.0213107006742