
500.0 0.959208186242 0.00134638612378
125.0 0.915180970981 0.0148115239385
55.55555555555556 0.808688848191 0.121560335854
31.25 0.781907149231 0.0395842759533
20.0 0.661654138306 0.135142809488
13.88888888888889 0.603331426913 0.104165111606
10.204081632653061 0.577846803018 0.117901761467
7.8125 0.363367035766 0.150100589182
6.172839506172839 0.262321034594 0.0842811168863
5.0 0.307002895827 0.116190734739
4.132231404958677 0.228630144396 0.104911045053
3.4722222222222223 0.201097784182 0.0854286874772
2.9585798816568047 0.145387161743 0.0665254807392
2.5510204081632653 0.181003132786 0.077317034408
2.2222222222222223 0.134539214676 0.0395524694095
1.953125 0.104194644581 0.0654813444769
1.7301038062283738 0.10180587331 0.0574203908134
1.5432098765432098 0.120304531709 0.0437145558915
1.3850415512465375 0.0754370876678 0.0476003079758
1.25 0.107941907075 0.0568906884006
1.1337868480725624 0.109939862306 0.036464167365
1.0330578512396693 0.111006980424 0.0335201039203
0.945179584120983 0.0745334725197 0.0497983310932
0.8 0.0582485785922 0.0262000367791