
500.0 0.989656098916 0.0003722073637
125.0 0.97747384292 0.00352749350934
55.55555555555556 0.95160650692 0.00879763943224
31.25 0.88783737362 0.04317725107
20.0 0.76291541255 0.158436828855
13.88888888888889 0.687170480883 0.211472170317
10.204081632653061 0.550996431114 0.157210655295
7.8125 0.490505846185 0.159144127387
6.172839506172839 0.404470200984 0.175660983427
5.0 0.344843572895 0.152122160448
4.132231404958677 0.242386860389 0.165197036911
3.4722222222222223 0.213455495124 0.123114983526
2.9585798816568047 0.200161214904 0.0873322735311
2.5510204081632653 0.170413677269 0.105006520054
2.2222222222222223 0.198150780709 0.123090426596
1.953125 0.148096358616 0.0782104703775
1.7301038062283738 0.177691735192 0.0350173874879
1.5432098765432098 0.115182060305 0.0641248334288
1.3850415512465375 0.156607884055 0.0619513486037
1.25 0.149089294586 0.067212959124
1.1337868480725624 0.0960107783324 0.0559592958437
1.0330578512396693 0.109734398234 0.0503553805531
0.945179584120983 0.113678882761 0.0652426045624
0.8 0.0667066328893 0.0319818773732