
0.0 0.917704794529 0.23410699185
0.125 0.96488443313 0.0570192845209
0.25 0.980240218539 0.0284903068293
0.375 0.929183320471 0.156344392695
0.5 0.952546880031 0.0557155541594
0.625 0.923665210241 0.130072190004
0.75 0.906903804704 0.113649027694
0.875 0.956306364865 0.00922919156754
1.0 0.903382705913 0.0434269014606
1.125 0.920568729204 0.0259482481759
1.25 0.891909517258 0.0483891509576
1.375 0.875387755939 0.0244242911658
1.5 0.86839331759 0.032460756573
1.625 0.825272038012 0.0512981642527
1.75 0.801633088859 0.0596775626046
1.875 0.782904489312 0.046647094421
2.0 0.738514530593 0.0794790927132
2.125 0.721172806382 0.0522250561237
2.25 0.698600875455 0.0597872641566
2.375 0.647948978256 0.0567584985132
2.5 0.574888895198 0.186864962823
2.625 0.594796356794 0.0469285505729
2.75 0.528459358214 0.139706488127
2.875 0.523876388096 0.0800451031977
3.0 0.498395165483 0.0604826092337
3.0 0.481701494738 0.0723595338688
3.061224489795918 0.465814906077 0.104942222461
3.122448979591837 0.379820942949 0.150367741074
3.183673469387755 0.434190475354 0.103742026373
3.2448979591836733 0.389819352563 0.0920727671893
3.306122448979592 0.410998566523 0.120500573821
3.36734693877551 0.355507317434 0.114689532458
3.4285714285714284 0.354839954656 0.0898291163521
3.489795918367347 0.381504480494 0.0954548023142
3.5510204081632653 0.313838738672 0.112725799836
3.612244897959184 0.234501318124 0.0853323635594
3.673469387755102 0.277935336664 0.101741804548
3.7346938775510203 0.204462664571 0.0876840597479
3.795918367346939 0.274194479061 0.0968427174661
3.857142857142857 0.205935387475 0.0979254310899
3.9183673469387754 0.215629021226 0.0961724964195
3.979591836734694 0.24215417549 0.0758319514228
4.040816326530612 0.169915728723 0.0785328594175
4.1020408163265305 0.163570705413 0.0883986035006
4.163265306122449 0.158800107242 0.0638188641246
4.224489795918368 0.155956841529 0.0711553234698
4.285714285714286 0.151728488021 0.0777303269367
4.346938775510204 0.146276929303 0.0594645799638
4.408163265306122 0.110096256777 0.0502390645495
4.469387755102041 0.110418939587 0.0515150334754
4.530612244897959 0.132586579533 0.0576672895421
4.591836734693878 0.0793682893726 0.0302534662905
4.653061224489796 0.064661716711 0.0356900093977
4.714285714285714 0.0703609503281 0.0400942071353
4.775510204081632 0.085975163675 0.0250144221027
4.836734693877551 0.0557916744838 0.0239516928162
4.8979591836734695 0.0555736067718 0.0276351368535
4.959183673469388 0.0581098048365 0.0239760178297
5.020408163265306 0.0574885061843 0.0133445411847
5.081632653061225 0.0649651868851 0.033265218362
5.142857142857142 0.0622420868255 0.030031249314
5.204081632653061 0.0611361912689 0.0202727102991
5.26530612244898 0.0747417500746 0.037949156065
5.326530612244898 0.0719870507888 0.0345587939319
5.387755102040816 0.0670227664684 0.0329300586101
5.448979591836735 0.0631734903131 0.0217321593281
5.5102040816326525 0.0736874967875 0.0254336620772
5.571428571428571 0.0458195983674 0.0249431879794
5.63265306122449 0.0449777769522 0.0214269154943
5.6938775510204085 0.0522576661068 0.0236767029584
5.755102040816326 0.0446861785738 0.0201905102866
5.816326530612245 0.0567191319413 0.0242068934699
5.877551020408163 0.0433204680383 0.0124037541157
5.938775510204081 0.0629401648761 0.0310222798168
6.0 0.055664655835 0.0229729388298