
0.0 0.971439300169 0.0335468524506
0.125 0.900559414344 0.175277095606
0.25 0.885314463395 0.157741827547
0.375 0.906411036176 0.0725481848262
0.5 0.929834989353 0.0475007973247
0.625 0.839516734799 0.164985206104
0.75 0.869879170567 0.114536144924
0.875 0.867442785839 0.201075644716
1.0 0.811389204242 0.217220599592
1.125 0.897420444882 0.0241394289105
1.25 0.836595782017 0.0628098141099
1.375 0.81820972721 0.0567771188457
1.5 0.784481331182 0.0770525210266
1.625 0.790366177146 0.0605158585263
1.75 0.720288080016 0.0923369881325
1.875 0.628378378536 0.127868702975
2.0 0.702710685956 0.0601390145659
2.125 0.580629494812 0.147419209406
2.25 0.613498407326 0.0873552712732
2.375 0.533048290065 0.151203818402
2.5 0.536770216182 0.144604351739
2.625 0.536231920272 0.0657409951588
2.75 0.484386793131 0.149129525742
2.875 0.487782100419 0.0665674175828
3.0 0.332062444456 0.105252900803
3.0 0.426028399049 0.110317235381
3.061224489795918 0.343045489108 0.134121449046
3.122448979591837 0.384073177718 0.102288069806
3.183673469387755 0.324756602305 0.0625033832945
3.2448979591836733 0.281385622095 0.0994908246391
3.306122448979592 0.318628032783 0.105448288562
3.36734693877551 0.21965747238 0.102245209902
3.4285714285714284 0.222592664578 0.0764783053519
3.489795918367347 0.217057537058 0.0953383420864
3.5510204081632653 0.257002685537 0.101341639311
3.612244897959184 0.212568648668 0.0803808139528
3.673469387755102 0.167170092244 0.0492826036026
3.7346938775510203 0.20939111965 0.0911806578885
3.795918367346939 0.189490950059 0.0453084935263
3.857142857142857 0.165771260147 0.0522760980146
3.9183673469387754 0.122977780422 0.0648853182364
3.979591836734694 0.154519478991 0.04952177356
4.040816326530612 0.0950040580985 0.061381348885
4.1020408163265305 0.108346046996 0.052569162287
4.163265306122449 0.133384861 0.0696642735816
4.224489795918368 0.0973450135325 0.0333831883589
4.285714285714286 0.0914752100974 0.0333198248648
4.346938775510204 0.104706787925 0.0506762174283
4.408163265306122 0.0957609739882 0.023979743434
4.469387755102041 0.0899670015245 0.0527329097035
4.530612244897959 0.0760254333988 0.0484571283052
4.591836734693878 0.0795869000072 0.0459097572188
4.653061224489796 0.0617239712687 0.0419649283106
4.714285714285714 0.0746569027773 0.0315342203272
4.775510204081632 0.0681075519915 0.0275922503381
4.836734693877551 0.0710293033273 0.0270903751432
4.8979591836734695 0.0609260018853 0.0363227035521
4.959183673469388 0.0814097929496 0.0508096649377
5.020408163265306 0.0589805664844 0.0248985701257
5.081632653061225 0.0608903561752 0.0348198072361
5.142857142857142 0.0619304210537 0.0255322348596
5.204081632653061 0.043747645114 0.0247206395757
5.26530612244898 0.0548534792973 0.0245415755967
5.326530612244898 0.0541267156657 0.0197757125304
5.387755102040816 0.0500706398999 0.0292692418505
5.448979591836735 0.0612273174727 0.0411131606679
5.5102040816326525 0.0312428176317 0.0181220697609
5.571428571428571 0.0605327484236 0.0289754974218
5.63265306122449 0.0543627708823 0.033234433716
5.6938775510204085 0.0512517826623 0.0202406604175
5.755102040816326 0.037338470288 0.0140657211207
5.816326530612245 0.0534045164721 0.022441404565
5.877551020408163 0.0514596785396 0.0287557850662
5.938775510204081 0.0303614308064 0.0196784028
6.0 0.0556793737432 0.0390861930898